version https://git-lfs.github.com/spec/v1
oid sha256:4295dd9e6d8d7bcf9c08926f20de698b7000dd9d1a66b8c062239928c067a912
size 2113477
