version https://git-lfs.github.com/spec/v1
oid sha256:dc3f6faa38608e734a8c5fc11c11a62b50722201da31c3ec289bdf8d674a6594
size 219480
